
4.920000000000000000e+02
1.870000000000000000e+02

8.560000000000000000e+02
1.280000000000000000e+02

1.092000000000000000e+03
1.900000000000000000e+02

7.570000000000000000e+02
1.020000000000000000e+02

5.890000000000000000e+02
2.230000000000000000e+02

7.300000000000000000e+02
6.200000000000000000e+01

3.090000000000000000e+02
1.030000000000000000e+02

5.910000000000000000e+02
2.240000000000000000e+02

7.340000000000000000e+02
6.300000000000000000e+01

7.400000000000000000e+02
1.880000000000000000e+02

8.810000000000000000e+02
1.040000000000000000e+02

3.050000000000000000e+02
1.020000000000000000e+02

3.670000000000000000e+02
1.880000000000000000e+02

8.680000000000000000e+02
1.260000000000000000e+02
