
7.470000000000000000e+02
8.100000000000000000e+01

9.640000000000000000e+02
1.070000000000000000e+02

4.350000000000000000e+02
9.400000000000000000e+01

9.580000000000000000e+02
1.060000000000000000e+02

1.870000000000000000e+02
1.010000000000000000e+02

7.400000000000000000e+02
1.420000000000000000e+02

5.660000000000000000e+02
7.800000000000000000e+01

7.650000000000000000e+02
9.100000000000000000e+01

9.290000000000000000e+02
9.800000000000000000e+01

1.750000000000000000e+02
9.400000000000000000e+01

9.290000000000000000e+02
9.700000000000000000e+01

4.350000000000000000e+02
9.500000000000000000e+01

9.700000000000000000e+02
1.080000000000000000e+02

5.700000000000000000e+02
7.900000000000000000e+01

7.350000000000000000e+02
1.410000000000000000e+02

7.590000000000000000e+02
8.200000000000000000e+01

7.420000000000000000e+02
9.000000000000000000e+01

4.640000000000000000e+02
1.020000000000000000e+02

1.780000000000000000e+02
9.400000000000000000e+01

9.500000000000000000e+02
1.060000000000000000e+02
