Writhe Centers 
0 [-0.48997924 -0.47660485]
1 [1.95490649 1.25104852]
2 [-1.14294753  0.23102688]
3 [-1.63773106  1.3128662 ]
4 [ 0.92479292 -0.16456842]
5 [ 0.20300626 -1.04932384]
6 [1.87848114 0.47820921]
Contact Centers 
0 [-1.05120448 -2.98288598]
1 [6.22538761 2.82462184]
2 [-4.59850891  3.27079557]
3 [ 2.9504829  -0.78686854]
4 [-2.59176867  0.28248741]
5 [ 1.87214758 -2.26552098]
6 [5.6588019  1.08630587]
7 [ 0.1998642  -2.37370996]
8 [-3.46747166  1.75563392]
9 [-2.08843426 -1.36200186]
