
4.440000000000000000e+02
4.260000000000000000e+02

4.780000000000000000e+02
6.800000000000000000e+01

2.200000000000000000e+02
3.480000000000000000e+02

1.295000000000000000e+03
6.200000000000000000e+01

3.240000000000000000e+02
9.200000000000000000e+01

6.930000000000000000e+02
4.280000000000000000e+02

4.780000000000000000e+02
6.800000000000000000e+01

2.220000000000000000e+02
3.470000000000000000e+02

1.294000000000000000e+03
6.200000000000000000e+01

3.210000000000000000e+02
9.200000000000000000e+01
