
5.290000000000000000e+02
2.390000000000000000e+02

3.020000000000000000e+02
1.060000000000000000e+02

4.030000000000000000e+02
5.170000000000000000e+02

1.382000000000000000e+03
6.400000000000000000e+01

5.020000000000000000e+02
7.100000000000000000e+01

5.360000000000000000e+02
2.400000000000000000e+02

5.020000000000000000e+02
7.100000000000000000e+01

2.750000000000000000e+02
5.140000000000000000e+02

1.385000000000000000e+03
6.500000000000000000e+01

3.060000000000000000e+02
1.070000000000000000e+02
